0 0.8604248918805804 0.0035488946097237723 0.9988385009765625 0.6783751195790816
0 0.5628674752371652 0.533520320970185 0.6711736188616071 1.0
0 0.724301016671317 0.0 0.8826028006417411 0.7112820372289541
0 0.6209916033063616 0.06496340693259725 0.7543904331752233 0.7299847038424745
0 0.428238045828683 0.3605389653419962 0.5750088936941964 0.9959617770448023
0 0.03514743532453265 0.6130121970663265 0.12812959943498883 0.9987371950733418
0 0.19638057163783482 0.506684906628667 0.32249884469168527 0.9885920933314732
0 0.11104693821498327 0.6672586869220345 0.2000590297154018 0.999655836455676
0 0.19823213849748883 0.7497915462571747 0.2685719735281808 0.9979634810467155
0 0.3338889639718192 0.3828364469567124 0.4596771240234375 0.9967866858657526
0 0.2525560869489397 0.6794134023238202 0.34714270455496654 0.9980745276626275
