0 0.7847420888982538 0.008227320369757736 0.9826264229717756 0.9979025377901058
0 0.05988531257766576 0.2884185492798249 0.2796391530650285 0.9989311889250815
0 0.5860665349050181 0.32696853786804 0.7756898914300224 0.9910623258410525
0 0.19430282402830004 0.42807493924317996 0.5223989737314142 0.9953702746462745
0 0.42355443761886236 0.4914176518443353 0.6673505896519494 1.0
0 0.11733650007023685 0.00011149735617715295 0.338082404552159 0.5905478909271936
0 0.27432360721656723 0.006408915457585735 0.5812741776884509 0.7873395988141286
0 0.0002505898393206247 0.3183309449435057 0.13590205655553034 0.9911568607491856
0 0.7139082997006829 0.047451820746306876 0.8244566435965595 0.9109611386973229
0 0.08042670285553358 0.15368127978197527 0.17540959401744036 0.5717263982816317
0 0.0003116309519130659 0.0036181265834100084 0.05585953539667617 0.4966875007952463
0 0.606639223639566 0.03950865493923523 0.8141044732775761 0.7970648650626018
