0 0.6251173400878907 0.08305232048034668 0.8143616231282552 1.0
0 0.501419932047526 0.5286523818969726 0.6639207967122396 0.9954863739013672
0 0.004887818892796834 0.3693128204345703 0.2438268788655599 0.9959784698486328
0 0.9017229207356771 0.5507868194580078 0.9999733479817708 0.9935484313964844
0 0.7588247172037761 0.0817478370666504 0.9940495808919271 0.9975342559814453
0 0.3188954925537109 0.17238277435302735 0.43855819702148435 0.3904516983032227
0 0.47848612467447915 0.07324875354766845 0.6577799479166667 0.5652849197387695
0 0.10334445953369141 0.05566378116607666 0.30982660929361977 0.9907450866699219
0 0.4351482137044271 0.3797198486328125 0.6046764119466146 0.9917096710205078
0 0.2561359151204427 0.09052788734436035 0.5164414469401042 0.9791511535644531
0 0.7457585652669271 0.5100390625 0.9597901407877604 0.9963948059082032
