0 0.18547773485059862 0.6520134523340958 0.3195585176542208 1.0
0 0.14493345780806108 0.5956824705174667 0.23455257663479098 0.9914690024952472
0 0.5158620859121348 0.617948988997891 0.5922698974609375 0.9774740821055133
0 0.40784987412489854 0.6020043666825095 0.4760727919541396 0.9177060435480038
0 0.5008148193359375 0.255345768801613 0.5693324101435674 0.7014381205627673
0 0.6980846058238637 0.5160672147917656 0.8318988750507306 0.8318552807710017
0 0.6304256290584416 0.5638027408730395 0.7118758560775162 0.7911039287146506
0 0.33188619242086037 0.18464823095517466 0.3631403142755682 0.36693953017318204
0 0.2607965246423498 0.21693086805452413 0.29190313165838067 0.31829909408047175
0 0.6407656979251217 0.35091713444814937 0.6791807496702517 0.4928793091284458
0 0.2909409362000304 0.22013158761956392 0.3213585593483665 0.3313444014284547
0 0.29775989086597 0.2617071173490227 0.3313897467278815 0.37320819463113414
