0 0.632451 0.595793 0.221252 0.463763
0 0.805442 0.529422 0.192053 0.358586
0 0.478115 0.704329 0.149894 0.328244
0 0.897894 0.372890 0.147184 0.298392
0 0.294946 0.753632 0.201422 0.404173
0 0.355821 0.358303 0.085104 0.257309
0 0.211326 0.344324 0.107305 0.303303
0 0.438824 0.380185 0.086143 0.242594
0 0.175796 0.679549 0.081586 0.331225
0 0.114320 0.630023 0.080661 0.265732
0 0.707437 0.320100 0.091854 0.225473
0 0.529200 0.349565 0.079630 0.210212
0 0.849963 0.265355 0.131032 0.261907
0 0.295058 0.455016 0.095272 0.182820
0 0.225366 0.493773 0.075414 0.180850
