0 0.5420456314086914 0.5258571370442708 0.6468074035644531 0.8927347819010417
0 0.1719341468811035 0.5536041768391927 0.2773043823242187 0.81161376953125
0 0.8307923126220703 0.4305687967936198 0.933164291381836 0.6853514099121094
0 0.6995935821533203 0.5138016764322917 0.808488998413086 0.8910619099934896
0 0.43402915954589844 0.4996360270182292 0.5279356384277344 0.7515864054361979
0 0.6307077026367187 0.45985493977864583 0.6986272430419922 0.6312467447916666
0 0.296614933013916 0.5707156372070312 0.4615341567993164 0.8084116109212239
0 0.03482450485229492 0.5696533711751303 0.12307368278503418 0.856036885579427
0 0.42006816864013674 0.42581166585286456 0.4919064331054688 0.5470116678873698
0 0.5354394912719727 0.46196741739908853 0.5823672103881836 0.6059230041503906
0 0.0 0.5204882303873698 0.03634278774261475 0.7888153076171875
0 0.29993070602416994 0.4630376180013021 0.3506336212158203 0.5852371724446614
0 0.04651721000671387 0.7845294189453125 0.20064790725708007 0.9730857340494792
0 0.816827392578125 0.576994374593099 0.8894677734375 0.7416331481933593
