0 0.0012821832708283967 0.3834870282341452 0.22732476627125459 0.7320092145134421
0 0.38557611103930506 0.5811792635450176 0.6132071501289318 0.827788558660769
0 0.6901710859311172 0.18701889935661764 0.8679681915083742 0.5130231146718941
0 0.5531449660756229 0.5165017445882162 0.7785529841005413 0.7058939466289446
0 0.9146140104804943 0.33585484822591144 1.0 0.6411194146848193
0 0.8127658819061478 0.2605687496708889 0.9962703729766647 0.5285331501680262
0 0.6088987362930198 0.20843690984389363 0.7102176940519046 0.43815115386364506
0 0.18483670552571616 0.41085074929630055 0.40605278264463335 0.6270928850360945
0 0.41984787485957925 0.2342988182516659 0.5455963533688215 0.48089199440152036
0 0.3718787049935534 0.1798088410321404 0.4481986052070568 0.4127673728793275
0 0.46003997403811786 0.13640186833400353 0.5546347923528135 0.28426654666077855
0 0.594622842626634 0.13166427612304688 0.6953950769761029 0.23960468815822228
