0 0.7682879359047936 0.4718627143151981 1.0 0.9964669611036163
0 0.06634121332876679 0.5374046404337146 0.6801842181791815 1.0
0 0.808492651482894 0.11663187164621255 1.0 0.5277626981440279
0 0.8606451676355154 0.0 0.9998804366607424 0.12779635006619483
0 0.010471459248619622 0.09129431813033585 0.24123354847020637 0.6358146667480469
0 0.6936141220502567 0.4668748993234536 0.844823080969836 0.777919415346126
0 0.0 0.47358998564100757 0.302049320455976 0.8784757791106234
0 0.213298731317264 0.0868284284454031 0.6294590375999704 0.7382999695453447
0 0.7284781650344342 0.13005119009116262 0.8971223032681674 0.5631035087034875
0 0.17887907344583087 0.1051879863149112 0.36020555541413657 0.6666246394521183
0 0.4850644176416864 0.005090308250840178 0.7642125616329729 0.7681981509493798
0 0.8212844342417062 0.06628928233667747 0.9352334069226402 0.23186742644949057
0 0.4519552559272561 0.02954719730259217 0.5585325219996544 0.21490242554969394
