0 0.5218245588030134 0.36391165597098213 0.7430766950334822 0.8276750110444568
0 0.7094153267996651 0.3501284644717262 0.9014681570870535 0.7087149483816965
0 0.40316802978515626 0.5402073451450893 0.5530616542271205 0.868450927734375
0 0.8243022809709821 0.2236935751778739 0.9714862932477678 0.5220856076195126
0 0.1942348371233259 0.5515451703752791 0.3956569998604911 0.9557181948707217
0 0.31326917375837054 0.2296488262358166 0.3983735874720982 0.48695794968377976
0 0.15767366681780134 0.19267232985723587 0.2649782889229911 0.4959756397065662
0 0.39575260707310267 0.2588879721505301 0.4818959699358259 0.5014816647484189
0 0.1350025394984654 0.5139366876511346 0.21658846173967633 0.8451614379882812
0 0.07398975917271206 0.49715652465820315 0.1546504102434431 0.7628889537992931
0 0.6615097045898437 0.20736320132300967 0.7533638218470983 0.4328364054361979
0 0.4893849836077009 0.24445882524762835 0.569015154157366 0.45467057001023065
0 0.7844472830636161 0.13440162113734655 0.9154788643973214 0.3963086446126302
0 0.24742194039481027 0.3636063711983817 0.34269361223493305 0.5464266822451637
0 0.18765919276646206 0.40334752400716145 0.26307318551199776 0.5841975620814732
