0 0.7240679931640625 0.1243920949943961 0.8276511452414773 0.8723611308552545
0 0.7960280539772727 0.053152812684135596 0.9671584250710227 0.9582931582937764
0 0.21462529962713067 0.11300623768995582 0.3326524491743608 0.9677360953157964
0 0.044609451293945314 0.1955624994849354 0.1541028525612571 0.8418210830366561
0 0.53596923828125 0.19642664913386734 0.6342977072975853 0.8696512471774459
0 0.36506478049538355 0.17730841656777427 0.49847817160866476 0.8805802099815401
0 0.4763610284978693 0.26695515435456224 0.5671919389204545 0.9415089410065599
0 0.1369761102849787 0.18960450570794601 0.2369398914683949 0.6735322203817247
0 0.3178738125887784 0.19253438635717465 0.39676971435546876 0.7691551884518394
0 0.532063154740767 0.19085954110833664 0.5568508633700284 0.3015181143072587
