0 0.1079827613636927 0.10832078813062541 0.23928740060874049 0.3344560420368754
0 0.45018086699664894 0.3808021596751977 0.7026224668861041 0.8358878832646366
0 0.2358949729028692 0.5272178187825959 0.44937493958449 0.918790219128533
0 0.0 0.5914576082499159 0.21047030608666126 0.9594609913883748
0 0.5034258305118774 0.15959871890246466 0.6587323029029187 0.3623094109474891
0 0.7608397817853744 0.35184340136850184 0.9929605087047906 0.670576791262723
0 0.32644912797182346 0.13508308174472156 0.5135154917760549 0.3495241475779147
0 0.24511011965988858 0.129049401264011 0.3896906509012135 0.33927356827788524
0 0.5880172264757495 0.20150153056128028 0.768635396424889 0.4057121020146366
0 0.0 0.13745323581618543 0.09230209970232194 0.36213755960579996
0 0.722893264693052 0.2573631974601489 0.8666609555936707 0.47344116375231327
0 0.7770721900281568 0.21074277074308126 0.9837806043286009 0.49285017914598755
