0 0.594427 0.709296 0.104762 0.366878
0 0.224619 0.682609 0.105370 0.258010
0 0.881978 0.557960 0.102372 0.254783
0 0.754041 0.702432 0.108895 0.377260
0 0.480982 0.625611 0.093906 0.251950
0 0.664667 0.545551 0.067920 0.171392
0 0.379075 0.689564 0.164919 0.237696
0 0.078949 0.712845 0.088249 0.286384
0 0.455987 0.486412 0.071838 0.121200
0 0.558903 0.533945 0.046928 0.143956
0 0.018171 0.654652 0.036343 0.268327
0 0.325282 0.524137 0.050703 0.122200
0 0.123583 0.878808 0.154131 0.188556
0 0.853148 0.659314 0.072640 0.164639
